20
25MC01 Vanaja 64 82 93 66 65
25MC02 Ananya 78 89 88 81 73
25MC03 Rohit 56 62 54 81 67
25MC04 Kiran 92 85 89 94 66
25MC05 Sneha 66 71 48 64 70
25MC06 Arjun 83 79 91 63 84
25MC07 Meera 54 60 52 68 58
25MC08 Varun 72 93 77 70 69
25MC09 Pooja 88 90 84 86 92
25MC10 Nikhil 61 58 63 67 72
25MC11 Kavya 65 83 97 92 94
25MC12 Aman 49 55 50 58 62
25MC13 Riya 81 76 79 85 88
25MC14 Suresh 48 73 70 66 74
25MC15 Neha 90 87 92 89 91
25MC12 Aman 49 55 50 58 62
25MC17 Riya 811 76 79 85 88
25MC18 S4uresh 48 23 70 56 74
25MC19 Neha 90 87 72 89 91
25MC20 Suraj 12 56 58 90 37

